2;24300,1620,;1:BTC-XVG_29:BTC-ERC_5:2:0.8811024531271945:1,
2;24300,1620,;1:ETH-LGD_42:BTC-ZRX_2:2:0.2699568392867935:1,
2;24300,1620,;1:BTC-THC_21:ETH-SC_2:2:0.8996681155593367:1,
2;24300,1620,;1:USDT-ZEC_11:BTC-PART_2:2:0.3126651467483772:1,
2;24300,1620,;1:BTC-INCNT_87:BTC-XLM_3:2:0.22746088252494423:1,
2;24300,1620,;1:ETH-ADA_41:BTC-SHIFT_5:2:-0.42038811635170115:1,
2;24300,1620,;1:BTC-EMC_74:BTC-DCR_5:2:-0.7245583056974483:1,
2;24300,1620,;1:ETH-QTUM_17:BTC-SHIFT_2:2:0.6907779497762874:1,
2;24300,1620,;1:BTC-BSD_88:ETH-UKG_3:2:-0.7720029301265048:1,
2;24300,1620,;1:BTC-VTR_1:ETH-XRP_3:2:0.4145272206810582:1,
2;24300,1620,;1:USDT-ZEC_2:ETH-SRN_3:2:0.38060471968315324:1,
2;24300,1620,;1:BTC-TIX_77:BTC-SBD_3:2:0.871256618715319:1,
2;24300,1620,;1:BTC-DCT_69:BTC-EMC_5:2:0.910647056665947:1,
2;24300,1620,;1:BTC-SWT_4:BTC-NAV_3:2:-0.7374721146318073:1,
2;24300,1620,;1:ETH-SNT_62:USDT-LTC_3:2:-0.2560988151441028:1,
2;24300,1620,;1:BTC-BSD_14:ETH-CVC_4:2:-0.23328539537482595:1,
2;24300,1620,;1:BTC-GOLOS_3:BTC-ENRG_5:2:-0.12861798031707194:1,
2;24300,1620,;1:BTC-CRB_22:BTC-TRST_2:2:-0.18790948580608346:1,
2;24300,1620,;1:BTC-HMQ_88:BTC-TKS_2:2:-0.7642524321600319:1,
2;24300,1620,;1:BTC-TKS_69:ETH-UKG_5:2:0.42138708514259404:1,
2;24300,1620,;1:BTC-BNT_38:BTC-MUSIC_1:2:0.7703513665128665:1,
2;24300,1620,;1:BTC-WINGS_64:BTC-LGD_3:2:0.5482350219237886:1,
2;24300,1620,;1:ETH-REP_48:BTC-RCN_5:2:0.4954453249850703:1,
2;24300,1620,;1:USDT-ADA_81:BTC-SPR_5:2:0.8445070688685095:1,
2;24300,1620,;1:BTC-OMNI_76:BTC-DASH_5:2:0.37724043313892053:1,
2;24300,1620,;1:BTC-GBG_11:BTC-IGNIS_5:2:-0.815873376744588:1,
2;24300,1620,;1:BTC-PPC_28:BTC-EDG_4:2:0.4540762331810866:1,
2;24300,1620,;1:BTC-LBC_28:BTC-ERC_4:2:0.9610831795631443:1,
2;24300,1620,;1:ETH-SALT_3:BTC-XEM_2:2:-0.8917318437166855:1,
2;24300,1620,;1:USDT-DASH_53:BTC-START_5:2:-0.49764878629324816:1,
2;24300,1620,;1:USDT-BTG_75:USDT-LTC_5:2:-0.9295010242087784:1,
2;24300,1620,;1:ETH-DASH_35:USDT-ZEC_2:2:-0.9837575490173907:1,
2;24300,1620,;1:BTC-NMR_54:USDT-NXT_1:2:0.37084253428900116:1,
2;24300,1620,;1:ETH-DNT_10:ETH-BAT_5:2:-0.26433674784421957:1,
2;24300,1620,;1:BTC-WAVES_56:ETH-GNO_2:2:-0.49929561879486206:1,
2;24300,1620,;1:ETH-SC_31:BTC-UNB_5:2:-0.22687345584647667:1,
2;24300,1620,;1:ETH-ADA_49:BTC-XWC_1:2:-0.8276453025823074:1,
2;24300,1620,;1:BTC-ABY_47:BTC-SWT_5:2:0.9748329978078198:1,
2;24300,1620,;1:ETH-MANA_80:BTC-DCT_4:2:0.8626606718077452:1,
2;24300,1620,;1:USDT-ADA_35:BTC-DTB_2:2:0.8545708058809207:1,
2;24300,1620,;1:BTC-BTG_28:ETH-NMR_2:2:-0.2380623867418339:1,
2;24300,1620,;1:BTC-MANA_29:USDT-DASH_4:2:-0.6440945307650998:1,
2;24300,1620,;1:BTC-ION_5:BTC-TUSD_1:2:-0.1974442037893216:1,
2;24300,1620,;1:USDT-ADA_35:BTC-ZEN_2:2:0.35111091024228536:1,
2;24300,1620,;1:ETH-ANT_24:BTC-POWR_2:2:-0.2092970900084381:1,
2;24300,1620,;1:BTC-STEEM_71:BTC-DOGE_3:2:0.2373884525317933:1,
2;24300,1620,;1:BTC-TRX_74:BTC-MER_1:2:0.49796161156727803:1,
2;24300,1620,;1:BTC-MEME_77:BTC-SPR_4:2:0.6277076423623609:1,
2;24300,1620,;1:BTC-FLDC_84:BTC-BYC_1:2:0.9069043899002243:1,
2;24300,1620,;1:BTC-CFI_50:BTC-ZEC_2:2:-0.39020752715062135:1,
2;24300,1620,;1:BTC-VRC_20:ETH-LTC_1:2:0.8250698126939184:1,
2;24300,1620,;1:BTC-BAT_15:BTC-EMC2_5:2:-0.055547933774738434:1,
2;24300,1620,;1:BTC-IGNIS_65:ETH-VEE_1:2:0.7780510050206315:1,
2;24300,1620,;1:BTC-STRAT_82:BTC-NEO_1:2:0.8400624005775781:1,
2;24300,1620,;1:BTC-RDD_77:BTC-ERC_5:2:-0.5368734601944052:1,
2;24300,1620,;1:BTC-HMQ_43:BTC-XMG_5:2:0.24029894769038407:1,
2;24300,1620,;1:USDT-NXT_1:BTC-DASH_1:2:0.1016095641981094:1,
2;24300,1620,;1:ETH-SRN_8:BTC-BSD_4:2:0.34795885142511707:1,
2;24300,1620,;1:ETH-DGB_39:ETH-GNT_1:2:0.3422017158550352:1,
2;24300,1620,;1:BTC-NMR_40:BTC-DYN_2:2:0.5417992992711826:1,
2;24300,1620,;1:USDT-BTC_12:BTC-XMY_1:2:0.20309057596683866:1,
2;24300,1620,;1:BTC-NXC_16:ETH-SC_5:2:-0.14776792576608488:1,
2;24300,1620,;1:BTC-OMNI_61:BTC-KORE_4:2:-0.27594983514383165:1,
2;24300,1620,;1:ETH-BCPT_67:BTC-COVAL_5:2:-0.8934058973028947:1,
2;24300,1620,;1:ETH-XMR_62:BTC-BYC_5:2:0.13985648387003646:1,
2;24300,1620,;1:ETH-TRX_81:BTC-ION_2:2:-0.6519815686407038:1,
2;24300,1620,;1:ETH-MCO_84:BTC-BRK_5:2:-0.8027222942089669:1,
2;24300,1620,;1:BTC-SEQ_56:BTC-DOGE_3:2:0.5077906911190664:1,
2;24300,1620,;1:ETH-GUP_1:BTC-LTC_5:2:-0.5666982494939055:1,
2;24300,1620,;1:BTC-NBT_9:BTC-HMQ_2:2:0.048956495363037034:1,
2;24300,1620,;1:BTC-BLOCK_21:BTC-RLC_2:2:0.02615767532246438:1,
2;24300,1620,;1:BTC-XZC_78:BTC-ZEN_5:2:0.7940488693240015:1,
2;24300,1620,;1:BTC-AMP_60:BTC-VTC_2:2:-0.4870793799070319:1,
2;24300,1620,;1:BTC-XMG_26:BTC-BAY_3:2:0.8856508782200831:1,
2;24300,1620,;1:ETH-BNT_41:ETH-SRN_5:2:0.7010061722646332:1,
2;24300,1620,;1:ETH-CFI_78:BTC-SBD_5:2:0.1484637735882337:1,
2;24300,1620,;1:ETH-CRB_58:BTC-BURST_5:2:-0.05716593574829565:1,
2;24300,1620,;1:BTC-ABY_24:BTC-TUSD_5:2:-0.6054603196717372:1,
2;24300,1620,;1:BTC-GOLOS_13:BTC-PTOY_3:2:-0.9140337204151547:1,
2;24300,1620,;1:BTC-ZEC_87:ETH-ADX_3:2:0.26297695708099367:1,
2;24300,1620,;1:BTC-CFI_5:BTC-GNO_5:2:-0.30093881176079185:1,
2;24300,1620,;1:BTC-RCN_36:BTC-DTB_2:2:0.18630278058372074:1,
2;24300,1620,;1:BTC-DNT_60:BTC-GEO_2:2:-0.8576144269012591:1,
2;24300,1620,;1:ETH-LGD_49:BTC-SWT_1:2:-0.3820433283162692:1,
2;24300,1620,;1:USDT-ETC_46:ETH-FCT_4:2:-0.5302692308112422:1,
2;24300,1620,;1:BTC-THC_56:ETH-HMQ_3:2:-0.8093823183394548:1,
2;24300,1620,;1:BTC-DMD_60:BTC-IOP_1:2:0.5920709565058773:1,
2;24300,1620,;1:BTC-EMC_39:BTC-MUSIC_5:2:0.15840439823761:1,
2;24300,1620,;1:BTC-SNT_33:BTC-FTC_3:2:0.5032533642347945:1,
2;24300,1620,;1:USDT-DASH_32:BTC-ARDR_4:2:0.8418932461625981:1,
2;24300,1620,;1:BTC-TKS_58:BTC-NXT_4:2:0.2022539684736988:1,
2;24300,1620,;1:BTC-IOC_21:USDT-ETH_2:2:0.10747917448207933:1,
2;24300,1620,;1:BTC-BRX_6:ETH-PAY_2:2:-0.673516511309431:1,
2;24300,1620,;1:USDT-XRP_61:BTC-AUR_5:2:-0.5167092542820195:1,
2;24300,1620,;1:BTC-TX_21:USDT-ZEC_2:2:-0.6102743921182332:1,
2;24300,1620,;1:BTC-BITB_50:ETH-QRL_3:2:0.30733573188761:1,
2;24300,1620,;1:ETH-TRST_58:BTC-ERC_1:2:0.3407610262891969:1,
2;24300,1620,;1:BTC-XMR_25:ETH-WAX_5:2:0.11330469914079022:1,
2;24300,1620,;1:ETH-WINGS_78:BTC-DOGE_5:2:-0.14206166238637707:1,
2;24300,1620,;1:BTC-LRC_70:BTC-ETC_5:2:-0.310547134171546:1,
2;24300,1620,;1:BTC-DASH_33:USDT-ETC_4:2:0.20442190661764803:1,
2;24300,1620,;1:BTC-STORJ_49:BTC-BCPT_3:2:0.39692792475863037:1,
2;24300,1620,;1:ETH-ADA_19:BTC-STRAT_2:2:-0.3028996493117424:1,
2;24300,1620,;1:BTC-GNT_83:BTC-NEOS_5:2:-0.8621829113767436:1,
2;24300,1620,;1:BTC-SNRG_68:BTC-OMNI_2:2:0.332754462472427:1,
2;24300,1620,;1:BTC-MLN_73:ETH-RLC_5:2:0.6125190315043603:1,
2;24300,1620,;1:ETH-TRST_17:ETH-GUP_4:2:0.2779882560084399:1,
2;24300,1620,;1:USDT-ADA_77:BTC-NMR_4:2:0.9177175604381369:1,
2;24300,1620,;1:BTC-SEQ_56:ETH-TRST_5:2:0.6713967485471615:1,
2;24300,1620,;1:BTC-IOP_55:ETH-TIX_1:2:0.18574397617032123:1,
2;24300,1620,;1:BTC-NXS_77:BTC-BCPT_5:2:-0.375046077681086:1,
2;24300,1620,;1:ETH-CFI_51:BTC-DTB_1:2:0.32934219711246615:1,
2;24300,1620,;1:BTC-NXC_78:BTC-ZEC_4:2:-0.20238767042189076:1,
2;24300,1620,;1:BTC-SHIFT_16:BTC-CLAM_4:2:-0.49007933909752754:1,
2;24300,1620,;1:BTC-SBD_76:ETH-PAY_5:2:-0.3519718287218414:1,
2;24300,1620,;1:BTC-MCO_17:BTC-BYC_3:2:-0.7095468397561671:1,
2;24300,1620,;1:ETH-XRP_40:USDT-XMR_5:2:0.23526456383159466:1,
2;24300,1620,;1:BTC-RCN_14:USDT-ETH_2:2:0.14299740617930645:1,
2;24300,1620,;1:BTC-VIB_8:BTC-EFL_2:2:-0.4803416250556185:1,
2;24300,1620,;1:USDT-BTG_80:BTC-REP_5:2:-0.00424586137814309:1,
2;24300,1620,;1:BTC-QWARK_78:ETH-ENG_5:2:0.8917426461514593:1,
2;24300,1620,;1:BTC-SLS_64:BTC-GBG_3:2:-0.8963354807970783:1,
2;24300,1620,;1:ETH-XEM_75:BTC-GRC_3:2:-0.9235822623306047:1,
2;24300,1620,;1:BTC-SNT_65:BTC-DCR_5:2:-0.3544349644364424:1,
2;24300,1620,;1:BTC-GAM_47:BTC-MANA_3:2:-0.5002137223508241:1,
2;24300,1620,;1:BTC-PKB_61:BTC-GBG_3:2:0.006914895089378259:1,
2;24300,1620,;1:BTC-GRC_40:BTC-GAME_2:2:0.8946109076168303:1,
2;24300,1620,;1:BTC-LMC_52:BTC-DMD_2:2:-0.319858351952655:1,
2;24300,1620,;1:ETH-TIX_53:BTC-CRB_5:2:-0.9544549295503748:1,
2;24300,1620,;1:BTC-ARDR_33:BTC-IOP_4:2:0.8529991790641724:1,
2;24300,1620,;1:BTC-ADA_85:BTC-XZC_2:2:0.5193927318947902:1,
2;24300,1620,;1:BTC-NXT_27:ETH-CRB_2:2:0.24689709091321754:1,
2;24300,1620,;1:ETH-RLC_40:BTC-LTC_1:2:0.014829437295344805:1,
2;24300,1620,;1:USDT-ETH_47:ETH-FCT_5:2:-0.7198928520136398:1,
2;24300,1620,;1:BTC-BCY_63:ETH-BNT_5:2:-0.7221360922144837:1,
2;24300,1620,;1:USDT-NEO_11:USDT-LTC_5:2:0.042906465300486474:1,
2;24300,1620,;1:BTC-THC_39:BTC-QTUM_5:2:0.15488110616469575:1,
2;24300,1620,;1:BTC-EXCL_89:BTC-SALT_5:2:-0.6564494818702855:1,
2;24300,1620,;1:USDT-ZEC_74:BTC-CANN_5:2:-0.8563902149242613:1,
2;24300,1620,;1:BTC-NEOS_50:ETH-DASH_4:2:-0.2072232352352117:1,
2;24300,1620,;1:BTC-EXP_83:BTC-VIA_4:2:0.23207503685592168:1,
2;24300,1620,;1:BTC-RADS_29:BTC-EXP_5:2:0.46831742033826806:1,
2;24300,1620,;1:BTC-ARDR_54:BTC-NLG_3:2:-0.35092790480072056:1,
2;24300,1620,;1:BTC-LRC_60:BTC-SIB_4:2:0.4697089757809614:1,
2;24300,1620,;1:BTC-INCNT_15:BTC-ARDR_5:2:-0.5564465887164509:1,
2;24300,1620,;1:BTC-SYS_57:BTC-TX_3:2:-0.7837031194515056:1,
2;24300,1620,;1:BTC-CVC_77:BTC-CURE_4:2:0.8664224567791714:1,
2;24300,1620,;1:BTC-ZEN_69:BTC-LRC_2:2:0.8450033673283615:1,
2;24300,1620,;1:BTC-TRX_14:ETH-XEM_2:2:-0.19192071869059024:1,
2;24300,1620,;1:ETH-PAY_17:BTC-UKG_5:2:0.8748583035016491:1,
2;24300,1620,;1:BTC-NMR_62:BTC-GLD_5:2:0.34750096124036545:1,
2;24300,1620,;1:ETH-BNT_14:BTC-SNRG_5:2:0.799441719807537:1,
2;24300,1620,;1:ETH-MCO_2:BTC-XST_5:2:0.37373767784971634:1,
2;24300,1620,;1:BTC-GNO_80:ETH-VEE_5:2:-0.6455457757375493:1,
2;24300,1620,;1:BTC-VRM_38:BTC-DGB_3:2:-0.3921787538061299:1,
2;24300,1620,;1:BTC-ZEC_8:ETH-PTOY_2:2:-0.37108888198043233:1,
2;24300,1620,;1:BTC-GNT_3:BTC-ENRG_2:2:0.40785617008326436:1,
2;24300,1620,;1:BTC-VTC_50:USDT-NEO_3:2:-0.49136829101797863:1,
2;24300,1620,;1:ETH-OMG_63:ETH-XLM_3:2:0.3542725276071339:1,
2;24300,1620,;1:BTC-THC_9:BTC-MONA_2:2:-0.5885963571739106:1,
2;24300,1620,;1:BTC-QWARK_59:BTC-BLOCK_1:2:0.4263040808100207:1,
2;24300,1620,;1:BTC-QTUM_36:BTC-UBQ_1:2:-0.7893122114420632:1,
2;24300,1620,;1:BTC-PINK_64:BTC-MER_3:2:-0.6207695614646409:1,
2;24300,1620,;1:ETH-CVC_47:BTC-LRC_4:2:-0.6237974115481069:1,
2;24300,1620,;1:BTC-ENG_56:BTC-STORJ_5:2:-0.5264526860398324:1,
2;24300,1620,;1:BTC-DNT_35:BTC-VIA_2:2:0.9750332397851147:1,
2;24300,1620,;1:BTC-OMG_63:BTC-GAME_3:2:0.4122467942712442:1,
2;24300,1620,;1:BTC-FAIR_57:ETH-ZEC_3:2:-0.5281846994065:1,
2;24300,1620,;1:BTC-BLOCK_7:ETH-WINGS_5:2:0.49771190124791564:1,
2;24300,1620,;1:BTC-AUR_86:BTC-STORJ_5:2:0.9904263243477691:1,
2;24300,1620,;1:BTC-MLN_82:BTC-SWT_1:2:-0.6048937868257054:1,
2;24300,1620,;1:ETH-TUSD_52:BTC-SEQ_5:2:-0.9290961676339318:1,
2;24300,1620,;1:ETH-LRC_43:BTC-XLM_4:2:-0.6377108935215745:1,
2;24300,1620,;1:BTC-KORE_25:BTC-SEQ_3:2:0.9058169970269834:1,
2;24300,1620,;1:BTC-STRAT_40:BTC-PART_4:2:0.9104227444911941:1,
2;24300,1620,;1:BTC-TRST_63:ETH-UP_5:2:0.5563780006894243:1,
2;24300,1620,;1:BTC-GLD_85:BTC-BSD_3:2:0.15900318322125528:1,
2;24300,1620,;1:BTC-NEOS_4:BTC-XST_1:2:-0.002230113403883127:1,
2;24300,1620,;1:BTC-MER_13:BTC-TX_4:2:0.7397558047927306:1,
2;24300,1620,;1:BTC-EDG_80:BTC-START_3:2:0.07431459269733431:1,
2;24300,1620,;1:BTC-VIA_27:BTC-GNO_5:2:0.11263040019382675:1,
2;24300,1620,;1:BTC-XMR_5:BTC-KORE_1:2:-0.11171054176047757:1,
2;24300,1620,;1:ETH-SC_75:BTC-SHIFT_1:2:-0.7577770607915368:1,
2;24300,1620,;1:ETH-BCPT_70:BTC-CLAM_1:2:0.9127483652269406:1,
2;24300,1620,;1:BTC-RVR_3:BTC-XLM_4:2:0.43378768611420804:1,
2;24300,1620,;1:BTC-XEM_1:BTC-GEO_4:2:0.6011937341307514:1,
2;24300,1620,;1:BTC-LRC_28:BTC-DCT_5:2:-0.03470723105374529:1,
2;24300,1620,;1:BTC-OK_27:BTC-DTB_5:2:0.6392080905694231:1,
2;24300,1620,;1:BTC-SWIFT_6:ETH-BCPT_4:2:0.22766158046800467:1,
2;24300,1620,;1:BTC-EFL_14:BTC-WAX_1:2:0.7002614925814392:1,
2;24300,1620,;1:BTC-BNT_1:BTC-ADT_5:2:0.1826423148550087:1,
2;24300,1620,;1:ETH-SC_25:ETH-CFI_1:2:-0.13380041812327925:1,
2;24300,1620,;1:BTC-CFI_1:BTC-DCT_5:2:-0.9189987035754132:1,
2;24300,1620,;1:ETH-TIX_51:BTC-SPHR_5:2:0.5944040301624287:1,
2;24300,1620,;1:ETH-ADT_29:BTC-TKS_2:2:-0.38759742442878564:1,
2;24300,1620,;1:ETH-WAX_20:BTC-NEOS_1:2:0.519723356657243:1,
2;24300,1620,;1:BTC-TRX_13:BTC-XEM_3:2:0.0867206129989253:1,
2;24300,1620,;1:BTC-REP_47:BTC-FAIR_5:2:0.6075822120256673:1,
2;24300,1620,;1:BTC-RVR_61:BTC-RVR_2:2:-0.71234883751727:1,
2;24300,1620,;1:BTC-SWT_89:BTC-BNT_5:2:-0.6934650178717383:1,
